//Aggregate Analysis//

The data below shows the number of steps/actions the agent required to reach 
the terminal state given the number of iterations the algorithm was run.
Iterations,1,2,3,4,5,6,7,8,9,10,11,12,13,14,15,16,17,18,19,20,21,22,23,24,25,26,27,28,29,30,31,32,33,34,35,36,37,38,39,40,41,42,43,44,45,46,47,48,49,50,51,52,53,54,55,56,57,58,59,60,61,62,63,64,65,66,67,68,69,70,71,72,73,74,75,76,77,78,79,80,81,82,83,84,85,86,87,88,89,90,91,92,93,94,95,96,97,98,99,100,101,102,103,104,105,106,107,108,109,110,111,112,113,114,115,116,117,118,119,120,121,122,123,124,125,126,127,128,129,130,131,132,133,134,135,136,137,138,139,140,141,142,143,144,145,146,147,148,149,150,151,152,153,154,155,156,157,158,159,160,161,162,163,164,165,166,167,168,169,170,171,172,173,174,175,176,177,178,179,180,181,182,183,184,185,186,187,188,189,190,191,192,193,194,195,196,197,198,199,200
Value Iteration,418,16,10,13,12,23,10,16,9,10,19,9,20,16,9,10,14,14,9,12,9,11,11,11,17,10,14,17,10,11,14,13,13,10,14,14,10,11,15,15,11,12,11,10,12,12,13,15,14,10,11,12,11,9,11,9,11,10,14,9,15,16,11,12,9,10,11,13,17,11,15,10,16,9,11,10,10,10,14,13,13,9,9,14,12,17,13,9,11,11,9,11,9,11,11,13,11,11,10,11,11,12,12,9,9,9,12,13,13,12,10,9,10,9,12,14,10,9,9,9,9,9,14,12,10,11,9,12,14,10,13,11,9,9,12,16,9,10,12,12,13,16,11,11,11,13,12,19,9,9,9,9,10,15,14,11,12,9,9,12,14,9,9,12,9,12,14,11,10,10,9,14,16,11,16,12,20,9,19,13,11,11,16,9,13,13,10,10,10,9,9,13,11,9,10,13,11,10,9,14
Policy Iteration,117,345,28,11,11,12,13,13,11,10,11,10,10,9,15,9,12,9,11,9,16,14,18,9,13,22,10,10,11,11,13,9,11,11,14,14,15,13,9,9,12,10,21,15,15,9,11,13,9,9,13,14,10,9,11,9,14,10,9,10,14,10,9,9,14,10,12,11,10,11,9,16,20,12,10,10,10,15,11,9,13,12,9,21,13,12,9,11,10,15,23,12,14,9,11,13,11,10,11,9,13,9,12,13,11,9,12,11,10,11,11,10,10,11,11,11,9,10,12,10,11,12,18,12,10,11,13,11,10,9,9,13,9,11,10,19,9,17,9,15,20,11,9,11,12,11,11,11,10,11,15,12,14,10,12,10,11,15,22,9,16,13,11,10,14,10,10,15,9,11,10,14,11,10,16,11,10,14,20,11,12,9,11,11,11,9,13,11,11,14,17,16,11,14,9,12,12,13,10,9
Q Learning,110,158,21,219,40,33,20,9,40,15,18,9,19,34,39,15,94,9,29,16,17,56,12,22,23,9,45,29,12,30,15,13,9,16,49,13,24,11,11,10,15,12,11,46,18,11,10,36,11,9,22,20,9,19,11,13,14,31,18,10,42,24,21,34,16,11,9,15,46,26,13,17,14,9,14,90,10,9,37,14,23,20,16,20,23,37,9,12,13,26,10,47,39,14,15,19,15,11,9,12,17,11,15,13,9,99,17,33,15,23,19,12,12,25,12,22,13,16,15,29,22,34,13,22,9,10,11,18,19,21,44,14,19,16,15,11,11,15,16,11,20,23,17,26,9,9,20,12,22,10,12,15,20,21,10,12,16,9,26,20,31,11,21,24,12,13,21,36,37,9,20,22,11,12,12,23,14,14,15,11,14,12,12,15,25,13,17,40,14,12,13,27,10,19,12,18,14,21,15,21

The data below shows the number of milliseconds the algorithm required to generate 
the optimal policy given the number of iterations the algorithm was run.
Iterations,1,2,3,4,5,6,7,8,9,10,11,12,13,14,15,16,17,18,19,20,21,22,23,24,25,26,27,28,29,30,31,32,33,34,35,36,37,38,39,40,41,42,43,44,45,46,47,48,49,50,51,52,53,54,55,56,57,58,59,60,61,62,63,64,65,66,67,68,69,70,71,72,73,74,75,76,77,78,79,80,81,82,83,84,85,86,87,88,89,90,91,92,93,94,95,96,97,98,99,100,101,102,103,104,105,106,107,108,109,110,111,112,113,114,115,116,117,118,119,120,121,122,123,124,125,126,127,128,129,130,131,132,133,134,135,136,137,138,139,140,141,142,143,144,145,146,147,148,149,150,151,152,153,154,155,156,157,158,159,160,161,162,163,164,165,166,167,168,169,170,171,172,173,174,175,176,177,178,179,180,181,182,183,184,185,186,187,188,189,190,191,192,193,194,195,196,197,198,199,200
Value Iteration,33,3,4,6,6,6,6,8,6,8,8,9,10,20,8,9,8,9,9,9,9,9,9,10,10,19,11,11,15,12,10,16,13,12,14,17,23,16,18,24,11,12,11,12,12,13,12,13,26,22,22,28,16,15,18,18,16,16,16,17,17,16,29,16,16,15,17,18,15,15,14,18,28,28,28,32,38,35,52,22,21,21,21,23,23,23,23,22,23,23,23,25,25,20,20,21,24,23,22,24,26,24,27,31,44,40,42,45,42,44,45,44,46,46,45,57,25,32,31,28,33,31,35,30,27,31,32,30,27,27,27,31,29,32,36,29,29,34,31,33,36,32,27,34,34,32,34,37,38,38,39,46,58,59,55,60,58,63,66,65,94,41,43,45,43,40,35,39,43,44,35,43,39,41,44,44,43,44,41,41,38,43,45,40,41,38,44,45,38,42,43,43,46,45,48,41,45,47,37,49
Policy Iteration,4,2,3,4,4,4,6,5,7,7,9,8,10,11,8,12,17,12,12,12,14,13,13,12,14,14,16,11,15,13,14,13,14,16,16,16,19,19,17,18,15,21,23,25,21,23,26,27,21,26,25,21,25,31,39,32,33,40,34,35,44,35,58,36,491,30,21,29,36,32,37,38,38,40,38,39,40,40,41,40,41,38,36,36,37,44,43,50,45,45,41,46,42,48,50,46,48,47,46,46,51,44,52,49,47,47,48,50,50,49,55,54,51,53,53,52,59,63,51,52,55,51,52,56,56,67,68,64,69,62,57,52,66,59,58,56,69,66,63,62,61,61,72,69,69,65,62,72,78,69,70,72,71,79,73,65,70,75,75,72,74,67,76,71,78,86,82,78,75,88,86,83,80,76,78,81,87,84,75,82,91,98,91,79,87,88,83,77,90,91,88,95,99,84,99,90,92,97,96,95
Q Learning,9,4,2,5,3,2,6,6,3,3,7,4,4,4,5,4,5,6,6,4,7,7,9,5,7,5,5,7,12,5,5,6,6,5,8,5,7,6,8,9,6,7,6,12,11,5,8,10,7,7,9,7,5,7,4,9,7,6,7,6,9,8,7,5,4,4,6,8,6,6,4,7,8,6,8,9,8,12,6,8,7,9,8,10,11,11,7,9,9,8,8,8,10,11,12,13,8,9,9,6,11,11,11,11,10,14,11,12,9,11,11,7,13,8,8,13,8,14,14,10,18,11,13,14,13,18,11,8,12,17,17,18,19,15,15,16,19,21,16,20,15,14,23,16,15,14,15,18,27,20,41,19,21,29,18,14,17,15,25,19,17,21,24,18,21,21,17,20,25,16,15,17,18,16,17,16,23,9,16,12,10,16,17,25,18,19,17,21,19,20,17,22,14,16,21,17,16,20,20,20

The data below shows the total reward gained for 
the optimal policy given the number of iterations the algorithm was run.
Iterations,1,2,3,4,5,6,7,8,9,10,11,12,13,14,15,16,17,18,19,20,21,22,23,24,25,26,27,28,29,30,31,32,33,34,35,36,37,38,39,40,41,42,43,44,45,46,47,48,49,50,51,52,53,54,55,56,57,58,59,60,61,62,63,64,65,66,67,68,69,70,71,72,73,74,75,76,77,78,79,80,81,82,83,84,85,86,87,88,89,90,91,92,93,94,95,96,97,98,99,100,101,102,103,104,105,106,107,108,109,110,111,112,113,114,115,116,117,118,119,120,121,122,123,124,125,126,127,128,129,130,131,132,133,134,135,136,137,138,139,140,141,142,143,144,145,146,147,148,149,150,151,152,153,154,155,156,157,158,159,160,161,162,163,164,165,166,167,168,169,170,171,172,173,174,175,176,177,178,179,180,181,182,183,184,185,186,187,188,189,190,191,192,193,194,195,196,197,198,199,200
Value Iteration Rewards,-1980.0,30.0,55.0,35.0,45.0,-5.0,60.0,25.0,65.0,60.0,15.0,65.0,0.0,30.0,65.0,60.0,40.0,40.0,65.0,50.0,65.0,55.0,55.0,55.0,25.0,55.0,40.0,15.0,60.0,55.0,40.0,45.0,45.0,60.0,40.0,40.0,55.0,55.0,35.0,35.0,55.0,50.0,55.0,60.0,50.0,45.0,45.0,35.0,35.0,60.0,55.0,50.0,55.0,65.0,55.0,65.0,55.0,60.0,40.0,65.0,30.0,25.0,55.0,50.0,65.0,50.0,55.0,45.0,25.0,55.0,35.0,60.0,30.0,65.0,55.0,60.0,60.0,60.0,40.0,45.0,45.0,65.0,65.0,40.0,50.0,5.0,45.0,65.0,55.0,55.0,65.0,55.0,65.0,55.0,55.0,45.0,55.0,55.0,60.0,55.0,50.0,50.0,50.0,65.0,65.0,65.0,50.0,45.0,45.0,50.0,60.0,60.0,60.0,65.0,50.0,40.0,60.0,65.0,65.0,65.0,65.0,65.0,40.0,50.0,60.0,55.0,65.0,50.0,40.0,60.0,45.0,55.0,65.0,65.0,50.0,30.0,65.0,60.0,50.0,50.0,40.0,25.0,55.0,50.0,55.0,45.0,50.0,15.0,65.0,65.0,60.0,65.0,60.0,35.0,40.0,55.0,50.0,65.0,65.0,50.0,40.0,65.0,65.0,50.0,65.0,50.0,40.0,55.0,60.0,60.0,65.0,40.0,30.0,55.0,30.0,50.0,10.0,65.0,10.0,45.0,55.0,55.0,30.0,65.0,35.0,45.0,60.0,60.0,60.0,65.0,65.0,45.0,50.0,65.0,60.0,45.0,50.0,60.0,65.0,40.0
Policy Iteration Rewards,-480.0,-1615.0,-40.0,45.0,55.0,50.0,45.0,40.0,55.0,60.0,55.0,60.0,60.0,65.0,35.0,65.0,50.0,65.0,55.0,65.0,30.0,40.0,20.0,65.0,45.0,0.0,60.0,60.0,55.0,55.0,45.0,65.0,55.0,55.0,40.0,40.0,35.0,45.0,65.0,65.0,50.0,55.0,0.0,35.0,35.0,65.0,55.0,45.0,65.0,65.0,45.0,35.0,60.0,65.0,50.0,65.0,40.0,60.0,65.0,60.0,40.0,60.0,65.0,65.0,40.0,60.0,50.0,55.0,60.0,55.0,65.0,30.0,10.0,50.0,60.0,60.0,60.0,35.0,55.0,65.0,45.0,50.0,65.0,0.0,45.0,50.0,65.0,55.0,60.0,35.0,-5.0,50.0,40.0,65.0,55.0,45.0,55.0,60.0,55.0,65.0,45.0,65.0,50.0,45.0,55.0,65.0,50.0,55.0,60.0,55.0,55.0,60.0,60.0,55.0,55.0,55.0,60.0,60.0,50.0,60.0,55.0,50.0,20.0,50.0,60.0,55.0,45.0,55.0,60.0,65.0,65.0,45.0,65.0,55.0,55.0,15.0,65.0,25.0,65.0,35.0,10.0,50.0,65.0,55.0,35.0,55.0,55.0,55.0,60.0,55.0,35.0,50.0,40.0,60.0,45.0,60.0,50.0,35.0,0.0,65.0,30.0,45.0,55.0,60.0,40.0,60.0,60.0,35.0,60.0,55.0,60.0,40.0,55.0,60.0,30.0,55.0,60.0,40.0,10.0,55.0,50.0,65.0,55.0,55.0,55.0,65.0,45.0,55.0,55.0,40.0,25.0,30.0,55.0,40.0,65.0,50.0,50.0,45.0,60.0,65.0
Q Learning Rewards,-455.0,-715.0,5.0,-985.0,-90.0,-55.0,0.0,65.0,-90.0,35.0,15.0,65.0,15.0,-60.0,-115.0,30.0,-370.0,65.0,-35.0,30.0,15.0,-205.0,50.0,0.0,-15.0,65.0,-115.0,-45.0,50.0,-40.0,25.0,45.0,65.0,20.0,-135.0,45.0,-20.0,55.0,55.0,60.0,35.0,50.0,55.0,-120.0,20.0,50.0,60.0,-70.0,50.0,65.0,0.0,10.0,65.0,15.0,50.0,40.0,30.0,-45.0,20.0,55.0,-100.0,-10.0,-5.0,-60.0,30.0,55.0,65.0,30.0,-120.0,-20.0,45.0,-5.0,40.0,65.0,40.0,-340.0,60.0,65.0,-75.0,40.0,-5.0,-25.0,25.0,10.0,-15.0,-75.0,65.0,50.0,45.0,-35.0,60.0,-135.0,-100.0,40.0,35.0,15.0,35.0,55.0,60.0,45.0,15.0,55.0,35.0,45.0,65.0,-395.0,25.0,-55.0,35.0,-5.0,10.0,50.0,50.0,-20.0,50.0,-5.0,40.0,30.0,35.0,-35.0,0.0,-90.0,45.0,-15.0,65.0,60.0,55.0,15.0,10.0,5.0,-115.0,40.0,10.0,30.0,35.0,55.0,55.0,35.0,30.0,55.0,10.0,-25.0,20.0,-20.0,60.0,60.0,0.0,50.0,0.0,55.0,50.0,25.0,5.0,5.0,60.0,45.0,30.0,65.0,-20.0,10.0,-55.0,55.0,5.0,-15.0,50.0,40.0,0.0,-70.0,-80.0,65.0,5.0,0.0,55.0,50.0,50.0,-15.0,35.0,40.0,35.0,55.0,40.0,45.0,50.0,30.0,-20.0,40.0,25.0,-95.0,40.0,45.0,45.0,-25.0,55.0,10.0,50.0,15.0,40.0,5.0,35.0,-5.0

---- Reward Matrix ----
-5.0 -5.0 -5.0 -5.0 100.0 
---------------------
-5.0 -5.0 -5.0 -5.0 -5.0 
---------------------
-5.0 -5.0 -5.0 -5.0 -5.0 
---------------------
-5.0 -5.0 -5.0 -5.0 -5.0 
---------------------
-5.0 -5.0 -5.0 -5.0 -10.0 
---------------------