//Aggregate Analysis//

The data below shows the number of steps/actions the agent required to reach 
the terminal state given the number of iterations the algorithm was run.
Iterations,1,2,3,4,5,6,7,8,9,10,11,12,13,14,15,16,17,18,19,20,21,22,23,24,25,26,27,28,29,30,31,32,33,34,35,36,37,38,39,40,41,42,43,44,45,46,47,48,49,50,51,52,53,54,55,56,57,58,59,60,61,62,63,64,65,66,67,68,69,70,71,72,73,74,75,76,77,78,79,80,81,82,83,84,85,86,87,88,89,90,91,92,93,94,95,96,97,98,99,100,101,102,103,104,105,106,107,108,109,110,111,112,113,114,115,116,117,118,119,120,121,122,123,124,125,126,127,128,129,130,131,132,133,134,135,136,137,138,139,140,141,142,143,144,145,146,147,148,149,150,151,152,153,154,155,156,157,158,159,160,161,162,163,164,165,166,167,168,169,170,171,172,173,174,175,176,177,178,179,180,181,182,183,184,185,186,187,188,189,190,191,192,193,194,195,196,197,198,199,200
Value Iteration,575,377,11,14,20,9,14,15,11,9,11,9,16,9,21,17,15,23,23,17,28,16,19,16,22,21,15,22,14,15,20,15,19,20,16,22,13,20,15,20,16,21,17,20,21,16,21,21,16,14,21,13,14,14,20,17,16,14,17,22,18,15,16,16,15,19,14,20,21,19,13,15,22,17,21,19,14,28,15,19,13,14,16,15,17,16,17,20,17,16,14,19,16,15,15,23,20,13,20,16,20,17,13,17,34,18,13,18,17,14,13,16,18,16,23,15,18,16,13,13,14,17,21,20,18,15,15,16,22,25,14,16,13,16,23,13,11,20,13,13,13,15,19,24,14,20,18,18,23,18,15,13,13,19,16,15,13,19,15,14,16,14,18,17,15,17,15,19,14,20,19,18,19,20,19,17,15,13,15,15,14,22,22,17,13,17,15,23,14,26,19,17,15,14,13,13,17,15,18,16
Policy Iteration,271,984,30,15,9,11,16,11,9,12,18,15,20,17,17,19,18,18,16,16,15,14,27,14,16,17,16,23,15,19,17,18,15,23,27,16,18,15,13,17,22,13,18,17,13,17,17,20,15,18,17,17,16,19,16,19,20,22,17,16,22,14,15,16,15,21,17,16,17,16,19,16,18,19,15,17,13,19,18,16,21,18,19,14,16,21,21,17,18,13,16,16,14,22,20,20,19,14,14,19,15,25,20,20,17,16,20,18,29,16,14,16,23,23,14,19,20,27,16,23,18,14,14,10,17,14,24,21,17,17,17,18,14,14,15,19,22,15,20,21,16,16,18,16,26,16,23,14,16,20,20,16,16,21,16,18,25,17,14,20,19,15,13,16,17,14,15,20,19,16,20,18,22,14,21,16,19,26,20,18,17,17,15,14,14,18,21,18,19,23,28,21,19,23,14,17,17,21,20,20
Q Learning,358,109,99,25,174,40,231,11,30,46,32,20,18,23,29,90,16,10,20,20,28,34,38,18,28,24,32,26,10,17,582,11,25,43,22,20,21,12,182,19,33,77,11,45,121,23,82,16,16,20,21,55,22,30,28,50,52,10,24,13,62,47,22,24,15,88,39,22,26,15,200,23,23,16,11,95,14,18,16,14,18,29,21,35,38,14,19,53,22,23,25,14,67,20,23,26,19,29,11,20,58,29,24,24,9,16,19,31,18,30,39,69,22,34,52,19,47,22,60,21,1135,21,19,24,9,14,60,313,62,19,26,167,21,28,58,16,26,24,18,25,44,20,54,116,19,14,17,15,39,19,23,46,37,13,19,35,23,18,9,17,25,17,25,18,16,31,36,29,24,745,60,47,21,32,25,19,86,18,26,23,22,13,15,19,30,16,23,15,18,30,18,21,26,20,17,29,11,20,28,26

The data below shows the number of milliseconds the algorithm required to generate 
the optimal policy given the number of iterations the algorithm was run.
Iterations,1,2,3,4,5,6,7,8,9,10,11,12,13,14,15,16,17,18,19,20,21,22,23,24,25,26,27,28,29,30,31,32,33,34,35,36,37,38,39,40,41,42,43,44,45,46,47,48,49,50,51,52,53,54,55,56,57,58,59,60,61,62,63,64,65,66,67,68,69,70,71,72,73,74,75,76,77,78,79,80,81,82,83,84,85,86,87,88,89,90,91,92,93,94,95,96,97,98,99,100,101,102,103,104,105,106,107,108,109,110,111,112,113,114,115,116,117,118,119,120,121,122,123,124,125,126,127,128,129,130,131,132,133,134,135,136,137,138,139,140,141,142,143,144,145,146,147,148,149,150,151,152,153,154,155,156,157,158,159,160,161,162,163,164,165,166,167,168,169,170,171,172,173,174,175,176,177,178,179,180,181,182,183,184,185,186,187,188,189,190,191,192,193,194,195,196,197,198,199,200
Value Iteration,37,4,4,5,6,7,7,6,8,8,9,17,9,8,8,7,8,11,8,7,6,7,7,18,7,8,8,8,9,9,10,9,13,10,6,8,12,9,7,16,9,10,13,13,14,9,13,17,25,24,22,27,15,14,14,11,14,17,16,12,19,21,15,18,12,19,20,18,18,22,25,32,31,36,35,34,56,25,19,27,27,23,16,23,22,23,21,18,25,25,23,19,23,22,24,20,18,23,22,20,27,33,35,45,46,46,43,46,43,46,43,50,65,30,27,29,27,25,30,29,25,30,28,28,30,33,30,28,32,35,35,32,33,35,34,36,36,34,34,32,39,39,36,35,34,32,41,62,66,69,64,69,66,65,84,90,47,48,48,48,46,42,39,36,36,36,35,42,45,47,39,38,37,44,38,43,50,51,47,48,50,53,53,48,49,49,44,50,54,55,51,47,48,52,46,48,55,43,54,52
Policy Iteration,4,2,3,5,6,5,6,8,9,7,10,11,10,13,14,13,14,15,14,14,15,17,16,18,17,18,18,16,21,20,21,23,21,24,24,23,26,25,26,26,35,28,29,30,30,31,34,34,33,27,30,31,32,32,34,26,35,25,34,34,31,37,31,41,30,31,32,33,35,40,32,37,40,94,49,53,50,56,49,84,87,81,56,71,78,67,48,51,45,33,31,32,39,39,62,90,118,120,1723,756,718,678,691,133,47,54,48,60,62,58,58,56,68,60,59,81,119,835,844,142,331,320,164,165,195,163,108,111,102,64,67,81,72,78,99,154,172,124,149,145,149,93,65,58,124,153,107,88,90,94,86,88,104,92,100,87,78,81,78,76,81,79,78,81,80,86,77,86,80,90,82,85,96,76,81,88,85,90,92,79,91,95,96,88,92,90,100,90,96,89,106,94,93,102,103,91,100,99,94,97
Q Learning,43,6,8,2,8,4,7,5,13,8,11,16,6,8,8,10,9,15,15,7,7,8,10,14,5,4,8,5,5,6,12,5,7,6,5,6,7,9,8,6,3,11,11,7,23,6,7,8,14,7,8,9,7,6,10,12,6,10,10,7,9,8,11,13,24,14,5,15,9,7,13,16,22,10,13,14,14,10,6,22,21,16,18,8,23,11,18,16,16,12,20,8,17,13,16,15,19,10,17,16,14,20,25,18,14,23,25,15,19,21,21,25,15,22,30,15,19,23,14,21,37,22,19,15,22,29,24,31,25,24,16,25,29,23,26,18,20,17,23,28,25,20,36,27,20,27,28,24,18,20,34,22,15,29,26,45,31,26,24,21,35,34,24,30,35,22,33,24,24,26,29,30,24,21,47,29,31,25,34,32,33,28,30,35,35,27,37,35,23,29,38,29,23,32,30,35,30,34,30,28

The data below shows the total reward gained for 
the optimal policy given the number of iterations the algorithm was run.
Iterations,1,2,3,4,5,6,7,8,9,10,11,12,13,14,15,16,17,18,19,20,21,22,23,24,25,26,27,28,29,30,31,32,33,34,35,36,37,38,39,40,41,42,43,44,45,46,47,48,49,50,51,52,53,54,55,56,57,58,59,60,61,62,63,64,65,66,67,68,69,70,71,72,73,74,75,76,77,78,79,80,81,82,83,84,85,86,87,88,89,90,91,92,93,94,95,96,97,98,99,100,101,102,103,104,105,106,107,108,109,110,111,112,113,114,115,116,117,118,119,120,121,122,123,124,125,126,127,128,129,130,131,132,133,134,135,136,137,138,139,140,141,142,143,144,145,146,147,148,149,150,151,152,153,154,155,156,157,158,159,160,161,162,163,164,165,166,167,168,169,170,171,172,173,174,175,176,177,178,179,180,181,182,183,184,185,186,187,188,189,190,191,192,193,194,195,196,197,198,199,200
Value Iteration Rewards,-473.0,-275.0,91.0,88.0,82.0,93.0,88.0,87.0,91.0,-56.0,91.0,93.0,86.0,93.0,81.0,85.0,87.0,79.0,79.0,85.0,74.0,86.0,83.0,86.0,80.0,81.0,87.0,80.0,88.0,87.0,82.0,87.0,83.0,82.0,86.0,80.0,89.0,82.0,87.0,82.0,86.0,81.0,85.0,82.0,81.0,86.0,81.0,81.0,86.0,88.0,81.0,89.0,88.0,88.0,82.0,85.0,86.0,88.0,85.0,80.0,84.0,87.0,86.0,86.0,87.0,83.0,88.0,82.0,81.0,83.0,89.0,87.0,80.0,85.0,81.0,83.0,88.0,74.0,87.0,83.0,89.0,88.0,86.0,87.0,85.0,86.0,85.0,82.0,85.0,86.0,88.0,83.0,86.0,87.0,87.0,79.0,82.0,89.0,82.0,86.0,82.0,85.0,89.0,85.0,68.0,84.0,89.0,84.0,85.0,88.0,89.0,86.0,84.0,86.0,-70.0,87.0,84.0,86.0,89.0,89.0,88.0,85.0,81.0,82.0,84.0,87.0,87.0,86.0,80.0,77.0,88.0,86.0,89.0,86.0,79.0,89.0,91.0,82.0,89.0,89.0,89.0,87.0,83.0,78.0,88.0,82.0,84.0,84.0,79.0,84.0,87.0,89.0,89.0,83.0,86.0,87.0,89.0,83.0,87.0,88.0,86.0,88.0,84.0,85.0,87.0,85.0,87.0,83.0,88.0,82.0,83.0,84.0,83.0,82.0,83.0,85.0,87.0,89.0,87.0,87.0,88.0,80.0,80.0,85.0,89.0,85.0,87.0,79.0,88.0,76.0,83.0,85.0,87.0,88.0,89.0,89.0,85.0,87.0,84.0,86.0
Policy Iteration Rewards,-169.0,-882.0,-77.0,87.0,93.0,91.0,86.0,91.0,93.0,90.0,84.0,87.0,82.0,85.0,85.0,83.0,84.0,84.0,86.0,86.0,87.0,88.0,75.0,88.0,86.0,85.0,86.0,79.0,87.0,83.0,85.0,84.0,87.0,79.0,75.0,86.0,84.0,87.0,89.0,85.0,80.0,89.0,84.0,85.0,89.0,85.0,85.0,82.0,87.0,84.0,85.0,85.0,86.0,83.0,86.0,83.0,82.0,80.0,85.0,86.0,80.0,88.0,87.0,86.0,87.0,81.0,85.0,86.0,85.0,86.0,83.0,86.0,84.0,83.0,87.0,85.0,89.0,83.0,84.0,86.0,81.0,84.0,83.0,88.0,86.0,81.0,81.0,85.0,84.0,89.0,86.0,86.0,88.0,80.0,82.0,82.0,83.0,88.0,88.0,83.0,87.0,77.0,82.0,82.0,85.0,86.0,82.0,84.0,73.0,86.0,88.0,86.0,79.0,-70.0,88.0,-66.0,82.0,75.0,86.0,79.0,84.0,88.0,88.0,92.0,85.0,88.0,78.0,81.0,85.0,85.0,85.0,84.0,88.0,88.0,87.0,83.0,80.0,87.0,82.0,81.0,86.0,86.0,84.0,86.0,76.0,86.0,-70.0,88.0,86.0,82.0,82.0,86.0,86.0,81.0,86.0,84.0,77.0,85.0,88.0,82.0,83.0,87.0,89.0,86.0,85.0,88.0,87.0,82.0,83.0,86.0,82.0,84.0,80.0,88.0,81.0,86.0,83.0,76.0,-67.0,84.0,85.0,85.0,87.0,88.0,88.0,84.0,81.0,84.0,83.0,79.0,74.0,81.0,83.0,79.0,88.0,85.0,85.0,81.0,82.0,82.0
Q Learning Rewards,-405.0,-156.0,-295.0,77.0,-72.0,62.0,-129.0,91.0,72.0,56.0,-79.0,82.0,84.0,79.0,-76.0,12.0,86.0,-57.0,82.0,82.0,74.0,68.0,64.0,84.0,74.0,78.0,70.0,-669.0,92.0,85.0,-480.0,91.0,77.0,-90.0,-516.0,-67.0,81.0,90.0,-80.0,83.0,69.0,25.0,91.0,57.0,-168.0,79.0,20.0,86.0,86.0,82.0,81.0,47.0,80.0,-226.0,74.0,52.0,50.0,92.0,78.0,89.0,40.0,55.0,-69.0,78.0,87.0,14.0,-86.0,80.0,76.0,87.0,-396.0,79.0,79.0,86.0,91.0,-440.0,88.0,84.0,86.0,88.0,-65.0,73.0,81.0,67.0,64.0,88.0,83.0,49.0,80.0,79.0,77.0,88.0,-114.0,82.0,-517.0,-371.0,83.0,73.0,91.0,82.0,-403.0,73.0,78.0,78.0,93.0,-63.0,83.0,71.0,84.0,72.0,63.0,-116.0,80.0,68.0,50.0,83.0,55.0,80.0,42.0,81.0,-1480.0,81.0,83.0,78.0,93.0,88.0,-405.0,-2148.0,-556.0,83.0,76.0,-65.0,81.0,74.0,44.0,86.0,76.0,78.0,84.0,77.0,-687.0,82.0,-101.0,-14.0,83.0,88.0,85.0,87.0,63.0,83.0,79.0,56.0,65.0,89.0,83.0,67.0,79.0,84.0,93.0,85.0,77.0,85.0,77.0,84.0,86.0,71.0,66.0,73.0,78.0,-643.0,-256.0,55.0,81.0,70.0,77.0,83.0,-133.0,84.0,76.0,79.0,80.0,89.0,87.0,83.0,72.0,86.0,79.0,87.0,84.0,72.0,84.0,81.0,76.0,82.0,85.0,73.0,91.0,82.0,74.0,76.0

---- Reward Matrix ----
-1.0 -1.0 -1.0 -1.0 100.0 
---------------------
-1.0 -1.0 -1.0 -1.0 -1.0 
---------------------
-1.0 -1.0 -1.0 -1.0 -1.0 
---------------------
-1.0 -1.0 -1.0 -1.0 -1.0 
---------------------
-1.0 -1.0 -1.0 -1.0 -150.0 
---------------------