//Aggregate Analysis//

The data below shows the number of steps/actions the agent required to reach 
the terminal state given the number of iterations the algorithm was run.
Iterations,1,2,3,4,5,6,7,8,9,10,11,12,13,14,15,16,17,18,19,20,21,22,23,24,25,26,27,28,29,30,31,32,33,34,35,36,37,38,39,40,41,42,43,44,45,46,47,48,49,50,51,52,53,54,55,56,57,58,59,60,61,62,63,64,65,66,67,68,69,70,71,72,73,74,75,76,77,78,79,80,81,82,83,84,85,86,87,88,89,90,91,92,93,94,95,96,97,98,99,100,101,102,103,104,105,106,107,108,109,110,111,112,113,114,115,116,117,118,119,120,121,122,123,124,125,126,127,128,129,130,131,132,133,134,135,136,137,138,139,140,141,142,143,144,145,146,147,148,149,150,151,152,153,154,155,156,157,158,159,160,161,162,163,164,165,166,167,168,169,170,171,172,173,174,175,176,177,178,179,180,181,182,183,184,185,186,187,188,189,190,191,192,193,194,195,196,197,198,199,200
Value Iteration,1029,276,12,17,12,12,17,11,9,14,13,11,10,11,13,10,15,18,12,12,9,11,10,11,14,12,11,11,12,12,13,12,9,12,10,11,13,13,10,9,11,15,9,11,9,16,11,10,13,9,14,9,9,14,14,15,13,16,9,12,18,11,16,12,10,11,13,11,13,12,10,9,20,9,14,9,14,9,9,12,11,15,9,10,10,12,9,11,11,9,10,9,11,10,11,15,14,13,9,10,15,16,13,17,17,9,12,9,12,15,16,14,17,9,19,14,15,9,11,10,9,10,13,12,12,12,12,9,9,11,9,12,16,9,13,9,10,12,11,10,19,13,11,11,15,9,12,17,16,16,9,11,14,11,9,16,12,15,11,12,12,11,12,9,10,13,11,11,9,19,14,12,13,13,11,18,10,9,11,10,9,9,9,9,13,11,9,9,12,11,16,11,11,10,11,10,9,9,10,12
Policy Iteration,598,88,27,9,14,13,13,16,11,9,17,10,16,12,12,12,21,9,15,12,10,9,9,15,11,9,9,9,20,11,11,13,9,13,16,9,9,16,9,9,10,12,9,13,14,15,12,13,11,9,10,26,12,12,10,9,11,14,11,11,10,14,13,17,17,13,14,9,14,14,14,13,15,10,10,9,12,11,10,11,16,12,9,11,9,16,16,13,10,9,11,10,11,9,12,15,12,10,13,12,12,11,11,12,11,9,9,23,11,23,13,14,11,11,11,11,20,11,9,9,9,11,13,11,11,14,11,9,11,11,16,14,10,12,10,13,9,9,9,16,9,15,12,12,16,12,10,13,11,13,14,10,12,9,9,17,12,11,11,9,12,10,10,9,9,13,12,9,10,11,10,9,17,10,15,9,10,15,10,9,9,13,9,11,13,12,14,10,11,9,9,9,12,14,12,13,22,15,13,10
Q Learning,265,92,63,31,67,14,66,33,34,11,26,14,18,210,17,16,47,10,133,27,70,24,247,20,39,32,26,21,10,37,20,32,17,94,22,88,25,14,29,56,34,20,15,27,28,43,28,22,11,19,20,65,15,18,33,14,74,152,297,19,30,17,41,29,22,39,12,32,74,27,37,21,11,11,28,35,22,35,28,39,15,14,38,17,15,26,15,12,29,30,24,82,21,18,164,21,15,17,20,48,15,33,19,26,16,11,41,27,35,107,26,153,161,18,25,75,26,15,24,23,34,22,17,22,24,37,18,22,29,21,24,40,18,20,22,23,18,31,21,12,20,34,39,37,17,28,44,18,16,31,21,54,20,9,14,28,19,32,40,36,20,12,58,18,21,31,27,107,9,18,310,24,18,22,17,14,13,13,15,32,23,22,20,16,52,140,25,14,14,23,18,33,22,14,32,14,30,15,20,12

The data below shows the number of milliseconds the algorithm required to generate 
the optimal policy given the number of iterations the algorithm was run.
Iterations,1,2,3,4,5,6,7,8,9,10,11,12,13,14,15,16,17,18,19,20,21,22,23,24,25,26,27,28,29,30,31,32,33,34,35,36,37,38,39,40,41,42,43,44,45,46,47,48,49,50,51,52,53,54,55,56,57,58,59,60,61,62,63,64,65,66,67,68,69,70,71,72,73,74,75,76,77,78,79,80,81,82,83,84,85,86,87,88,89,90,91,92,93,94,95,96,97,98,99,100,101,102,103,104,105,106,107,108,109,110,111,112,113,114,115,116,117,118,119,120,121,122,123,124,125,126,127,128,129,130,131,132,133,134,135,136,137,138,139,140,141,142,143,144,145,146,147,148,149,150,151,152,153,154,155,156,157,158,159,160,161,162,163,164,165,166,167,168,169,170,171,172,173,174,175,176,177,178,179,180,181,182,183,184,185,186,187,188,189,190,191,192,193,194,195,196,197,198,199,200
Value Iteration,33,3,4,7,5,6,6,7,18,5,7,6,5,5,6,6,4,6,7,7,6,7,7,19,11,9,7,8,10,9,25,10,22,22,11,11,11,12,11,20,12,9,11,12,11,12,13,16,19,21,25,30,17,20,18,16,16,16,17,19,19,30,21,18,17,14,16,17,19,19,16,32,34,31,35,41,66,32,25,24,22,25,23,23,25,22,21,22,26,24,19,24,25,18,26,22,28,27,27,24,25,38,36,44,44,46,47,45,50,50,47,49,37,32,30,29,32,32,30,24,33,33,25,34,35,35,32,28,28,28,31,30,35,36,39,38,37,41,37,33,33,33,35,38,55,40,44,61,63,71,65,66,68,70,68,77,40,41,41,41,41,43,44,41,41,37,44,45,46,50,40,44,44,45,45,42,43,48,42,43,49,43,48,43,45,41,50,43,45,42,45,54,61,65,81,73,95,135,137,141
Policy Iteration,4,3,5,8,10,10,11,15,12,12,14,16,15,19,17,19,22,20,21,20,23,23,22,26,27,29,29,29,30,31,33,25,18,15,19,21,20,20,15,18,19,16,25,31,30,24,23,28,28,31,31,28,26,25,27,33,27,27,32,32,35,33,34,31,32,39,32,30,35,38,30,35,39,39,38,40,39,36,35,44,38,36,42,43,40,45,44,40,48,47,47,50,44,48,50,49,50,41,48,54,55,51,48,43,49,48,49,57,47,56,58,52,63,62,65,54,60,55,67,57,61,59,65,60,57,57,61,58,64,62,58,68,55,57,67,68,66,68,72,73,65,72,80,68,61,75,63,69,69,76,76,68,82,73,76,84,71,84,89,90,76,82,86,82,79,82,72,84,79,77,88,89,82,90,90,83,88,95,95,85,84,106,90,90,100,91,97,96,93,100,92,88,96,97,97,139,126,121,121,123
Q Learning,10,5,4,5,5,4,3,6,4,4,7,4,6,9,5,6,7,5,6,5,8,6,15,25,7,6,9,5,7,10,8,7,12,12,22,12,8,8,8,12,16,7,9,13,15,10,14,11,8,9,9,10,19,7,7,4,13,11,19,10,28,15,18,11,8,12,9,11,14,12,25,11,9,12,12,12,22,11,15,8,12,9,10,13,15,9,12,25,18,13,15,17,13,34,17,15,18,17,17,17,33,16,16,13,11,12,18,23,17,21,22,16,30,24,20,21,17,16,22,17,19,22,16,28,25,16,19,14,21,18,25,23,21,25,20,26,24,22,24,13,24,33,26,23,20,18,32,22,27,23,27,26,40,19,26,27,30,23,15,25,24,35,23,33,19,19,25,25,24,25,21,22,28,29,30,30,18,33,26,31,25,29,26,27,26,21,34,39,31,45,37,22,32,27,25,26,37,29,40,38

The data below shows the total reward gained for 
the optimal policy given the number of iterations the algorithm was run.
Iterations,1,2,3,4,5,6,7,8,9,10,11,12,13,14,15,16,17,18,19,20,21,22,23,24,25,26,27,28,29,30,31,32,33,34,35,36,37,38,39,40,41,42,43,44,45,46,47,48,49,50,51,52,53,54,55,56,57,58,59,60,61,62,63,64,65,66,67,68,69,70,71,72,73,74,75,76,77,78,79,80,81,82,83,84,85,86,87,88,89,90,91,92,93,94,95,96,97,98,99,100,101,102,103,104,105,106,107,108,109,110,111,112,113,114,115,116,117,118,119,120,121,122,123,124,125,126,127,128,129,130,131,132,133,134,135,136,137,138,139,140,141,142,143,144,145,146,147,148,149,150,151,152,153,154,155,156,157,158,159,160,161,162,163,164,165,166,167,168,169,170,171,172,173,174,175,176,177,178,179,180,181,182,183,184,185,186,187,188,189,190,191,192,193,194,195,196,197,198,199,200
Value Iteration Rewards,-5180.0,-1270.0,50.0,25.0,50.0,50.0,25.0,55.0,65.0,40.0,-100.0,55.0,60.0,55.0,45.0,60.0,35.0,20.0,50.0,50.0,65.0,55.0,-85.0,55.0,40.0,50.0,55.0,55.0,50.0,50.0,45.0,50.0,65.0,50.0,60.0,55.0,45.0,45.0,60.0,65.0,55.0,35.0,65.0,55.0,65.0,-260.0,55.0,60.0,45.0,65.0,40.0,65.0,65.0,40.0,40.0,35.0,-100.0,30.0,65.0,50.0,20.0,55.0,30.0,50.0,60.0,55.0,45.0,-90.0,45.0,50.0,60.0,65.0,-135.0,65.0,40.0,65.0,40.0,65.0,65.0,50.0,55.0,35.0,65.0,60.0,60.0,50.0,65.0,55.0,55.0,-80.0,60.0,65.0,55.0,60.0,55.0,35.0,40.0,45.0,65.0,-85.0,35.0,30.0,45.0,25.0,25.0,65.0,50.0,65.0,50.0,35.0,-115.0,40.0,25.0,65.0,15.0,40.0,35.0,65.0,55.0,60.0,65.0,60.0,45.0,50.0,50.0,50.0,50.0,65.0,65.0,55.0,65.0,50.0,30.0,65.0,45.0,65.0,60.0,50.0,55.0,60.0,-130.0,45.0,55.0,55.0,35.0,65.0,50.0,25.0,30.0,30.0,65.0,-90.0,40.0,55.0,65.0,30.0,50.0,35.0,-90.0,50.0,50.0,-90.0,50.0,65.0,60.0,45.0,55.0,55.0,65.0,-275.0,40.0,50.0,-100.0,45.0,55.0,20.0,60.0,65.0,55.0,60.0,-80.0,65.0,65.0,65.0,45.0,55.0,65.0,65.0,50.0,55.0,30.0,55.0,55.0,60.0,55.0,60.0,65.0,65.0,60.0,-240.0
Policy Iteration Rewards,-3025.0,-330.0,-25.0,65.0,40.0,45.0,45.0,30.0,55.0,65.0,-120.0,60.0,30.0,50.0,50.0,50.0,5.0,65.0,35.0,-240.0,60.0,65.0,65.0,-110.0,-90.0,65.0,65.0,65.0,10.0,-90.0,55.0,45.0,65.0,45.0,30.0,65.0,65.0,30.0,65.0,65.0,60.0,50.0,65.0,45.0,-105.0,35.0,50.0,45.0,55.0,65.0,60.0,-20.0,50.0,50.0,60.0,65.0,55.0,40.0,55.0,55.0,60.0,40.0,45.0,25.0,25.0,45.0,40.0,65.0,40.0,40.0,40.0,45.0,35.0,-85.0,60.0,65.0,50.0,55.0,60.0,55.0,30.0,50.0,65.0,55.0,65.0,30.0,30.0,45.0,-85.0,65.0,55.0,60.0,55.0,65.0,50.0,35.0,50.0,60.0,45.0,50.0,50.0,55.0,55.0,-95.0,55.0,65.0,65.0,-5.0,55.0,-5.0,-100.0,-105.0,55.0,-90.0,55.0,55.0,10.0,55.0,-80.0,65.0,65.0,55.0,45.0,55.0,55.0,40.0,55.0,65.0,-90.0,55.0,30.0,40.0,60.0,-95.0,60.0,-100.0,-80.0,65.0,65.0,30.0,65.0,35.0,50.0,50.0,30.0,50.0,-85.0,45.0,55.0,45.0,40.0,60.0,50.0,65.0,65.0,-120.0,50.0,55.0,55.0,65.0,50.0,60.0,60.0,65.0,65.0,45.0,50.0,65.0,60.0,55.0,-230.0,65.0,25.0,60.0,35.0,-80.0,60.0,35.0,60.0,-80.0,65.0,45.0,65.0,55.0,45.0,50.0,40.0,60.0,-90.0,65.0,65.0,65.0,50.0,40.0,50.0,45.0,0.0,-110.0,45.0,60.0
Q Learning Rewards,-2085.0,-350.0,-205.0,-335.0,-225.0,-105.0,-220.0,-55.0,-60.0,55.0,-20.0,40.0,20.0,-1665.0,25.0,30.0,-125.0,60.0,-700.0,-25.0,-240.0,-10.0,-1705.0,10.0,-85.0,-50.0,-165.0,5.0,60.0,-75.0,10.0,-50.0,25.0,-360.0,0.0,-475.0,-15.0,40.0,-325.0,-170.0,-60.0,10.0,35.0,-25.0,-30.0,-105.0,-30.0,0.0,55.0,15.0,10.0,-215.0,35.0,20.0,-55.0,40.0,-260.0,-795.0,-1375.0,15.0,-40.0,25.0,-95.0,-35.0,0.0,-85.0,50.0,-50.0,-695.0,-25.0,-1090.0,5.0,55.0,55.0,-30.0,-65.0,0.0,-65.0,-30.0,-85.0,35.0,40.0,-80.0,-120.0,35.0,-20.0,35.0,50.0,-35.0,-40.0,-10.0,-300.0,-140.0,-125.0,-710.0,5.0,35.0,25.0,10.0,-130.0,35.0,-345.0,15.0,-20.0,30.0,55.0,-95.0,-25.0,-65.0,-425.0,-20.0,-655.0,-840.0,20.0,-15.0,-265.0,-20.0,35.0,-155.0,-5.0,-60.0,0.0,25.0,0.0,-10.0,-75.0,20.0,0.0,-35.0,5.0,-10.0,-90.0,20.0,10.0,0.0,-5.0,20.0,-335.0,5.0,50.0,10.0,-60.0,-85.0,-75.0,25.0,-30.0,-110.0,20.0,30.0,-45.0,5.0,-160.0,10.0,65.0,40.0,-30.0,15.0,-50.0,-90.0,-70.0,10.0,50.0,-180.0,20.0,5.0,-45.0,-25.0,-1295.0,65.0,20.0,-1440.0,-10.0,20.0,0.0,25.0,40.0,45.0,45.0,35.0,-50.0,-5.0,0.0,10.0,30.0,-150.0,-590.0,-15.0,40.0,40.0,-5.0,20.0,-200.0,0.0,40.0,-340.0,40.0,-40.0,35.0,10.0,50.0

---- Reward Matrix ----
-5.0 -5.0 -5.0 -5.0 100.0 
---------------------
-5.0 -5.0 -5.0 -5.0 -5.0 
---------------------
-5.0 -5.0 -5.0 -5.0 -5.0 
---------------------
-5.0 -5.0 -5.0 -5.0 -5.0 
---------------------
-5.0 -5.0 -5.0 -5.0 -150.0 
---------------------