//Aggregate Analysis//

The data below shows the number of steps/actions the agent required to reach 
the terminal state given the number of iterations the algorithm was run.
Iterations,1,2,3,4,5,6,7,8,9,10,11,12,13,14,15,16,17,18,19,20,21,22,23,24,25,26,27,28,29,30,31,32,33,34,35,36,37,38,39,40,41,42,43,44,45,46,47,48,49,50,51,52,53,54,55,56,57,58,59,60,61,62,63,64,65,66,67,68,69,70,71,72,73,74,75,76,77,78,79,80,81,82,83,84,85,86,87,88,89,90,91,92,93,94,95,96,97,98,99,100
Value Iteration,266369,72411,10562,131590,2476,1569,3656,4218,865,2503,47,46,34,39,37,45,39,35,37,36,36,46,33,35,47,36,32,38,40,42,43,34,40,38,36,40,38,38,37,41,34,40,40,38,34,31,38,36,37,37,36,33,36,35,29,34,34,43,58,34,38,35,39,38,43,37,37,42,39,35,41,43,37,36,37,35,51,34,41,35,40,45,49,34,33,41,45,48,32,34,38,29,32,39,36,31,39,37,45,42
Policy Iteration,45768,4649,21019,81908,62545,257711,17118,47501,319885,157224,8175,2070,981,2309,467,45,40,42,33,41,35,37,39,35,53,35,36,36,34,40,39,44,42,42,35,37,42,38,39,42,40,38,34,34,44,43,33,41,40,32,50,41,33,35,47,39,38,44,36,47,32,43,37,47,32,41,36,37,45,46,42,43,41,46,41,35,37,50,39,49,41,38,34,29,36,43,49,42,33,31,39,34,39,36,33,34,37,38,34,33
Q Learning,218,521,237,787,1224,589,450,437,125,330,925,612,146,358,423,169,270,128,158,257,182,290,104,122,215,297,104,194,233,177,55,166,180,203,96,202,163,166,108,337,191,157,433,159,58,162,74,100,58,152,216,88,111,383,94,162,196,132,153,165,130,253,348,62,63,391,68,122,101,64,199,79,87,65,91,82,155,102,452,57,245,63,110,115,551,66,151,146,59,100,57,62,74,403,115,120,68,300,85,128

The data below shows the number of milliseconds the algorithm required to generate 
the optimal policy given the number of iterations the algorithm was run.
Iterations,1,2,3,4,5,6,7,8,9,10,11,12,13,14,15,16,17,18,19,20,21,22,23,24,25,26,27,28,29,30,31,32,33,34,35,36,37,38,39,40,41,42,43,44,45,46,47,48,49,50,51,52,53,54,55,56,57,58,59,60,61,62,63,64,65,66,67,68,69,70,71,72,73,74,75,76,77,78,79,80,81,82,83,84,85,86,87,88,89,90,91,92,93,94,95,96,97,98,99,100
Value Iteration,66,7,7,10,12,14,17,18,21,25,33,43,30,31,31,34,36,37,41,61,42,44,46,46,53,56,57,55,55,59,60,62,63,66,71,74,161,74,94,100,99,116,110,109,101,120,104,104,127,117,119,123,110,121,134,124,143,148,136,135,132,149,144,137,124,137,133,137,140,144,135,152,153,147,151,162,159,156,165,175,164,169,165,163,163,183,178,183,186,196,185,207,228,219,205,187,196,189,182,193
Policy Iteration,16,11,15,16,27,23,31,33,33,44,44,50,98,52,55,57,91,64,71,71,76,86,83,82,94,90,96,108,124,113,133,115,119,126,129,132,145,156,162,168,155,143,145,151,151,163,159,166,164,185,214,204,263,218,190,201,197,230,213,206,208,213,229,216,222,230,225,242,236,252,237,255,244,266,252,260,261,262,267,268,274,281,275,294,293,291,287,301,312,307,323,423,325,354,331,367,391,374,391,389
Q Learning,24,19,15,63,55,37,23,27,30,38,34,36,28,34,34,30,41,28,41,42,38,34,41,42,40,40,45,46,47,42,38,41,58,51,40,46,49,38,52,45,44,48,53,42,44,43,45,35,45,50,53,51,50,50,51,47,57,57,50,54,54,55,54,58,49,53,56,56,48,67,55,57,52,55,71,63,59,60,63,56,69,59,65,59,68,82,71,64,58,59,75,75,58,78,74,68,80,67,81,66

The data below shows the total reward gained for 
the optimal policy given the number of iterations the algorithm was run.
Iterations,1,2,3,4,5,6,7,8,9,10,11,12,13,14,15,16,17,18,19,20,21,22,23,24,25,26,27,28,29,30,31,32,33,34,35,36,37,38,39,40,41,42,43,44,45,46,47,48,49,50,51,52,53,54,55,56,57,58,59,60,61,62,63,64,65,66,67,68,69,70,71,72,73,74,75,76,77,78,79,80,81,82,83,84,85,86,87,88,89,90,91,92,93,94,95,96,97,98,99,100
Value Iteration Rewards,-266294.0,-72309.0,-10460.0,-131488.0,-2374.0,-1467.0,-3554.0,-4116.0,-763.0,-2401.0,55.0,56.0,68.0,63.0,65.0,57.0,63.0,67.0,65.0,66.0,66.0,47.0,69.0,67.0,37.0,57.0,70.0,64.0,62.0,60.0,59.0,68.0,62.0,64.0,66.0,62.0,64.0,55.0,65.0,61.0,68.0,62.0,62.0,64.0,68.0,71.0,64.0,66.0,65.0,65.0,66.0,69.0,66.0,67.0,73.0,68.0,68.0,59.0,44.0,68.0,64.0,67.0,63.0,64.0,50.0,65.0,65.0,60.0,63.0,67.0,61.0,59.0,65.0,66.0,65.0,67.0,51.0,68.0,61.0,58.0,62.0,57.0,53.0,68.0,69.0,61.0,57.0,54.0,70.0,59.0,64.0,73.0,70.0,63.0,66.0,71.0,63.0,56.0,57.0,60.0
Policy Iteration Rewards,-45666.0,-4547.0,-20917.0,-81806.0,-62452.0,-257636.0,-17016.0,-47408.0,-319783.0,-157122.0,-8073.0,-1968.0,-879.0,-2225.0,-365.0,57.0,53.0,60.0,69.0,61.0,67.0,65.0,63.0,67.0,40.0,67.0,66.0,66.0,68.0,62.0,63.0,58.0,60.0,60.0,67.0,65.0,60.0,64.0,63.0,60.0,62.0,64.0,68.0,68.0,58.0,59.0,69.0,52.0,62.0,70.0,52.0,61.0,69.0,67.0,55.0,54.0,64.0,58.0,66.0,55.0,70.0,50.0,65.0,55.0,70.0,61.0,66.0,65.0,57.0,56.0,60.0,59.0,61.0,56.0,61.0,67.0,65.0,52.0,63.0,53.0,61.0,64.0,68.0,73.0,66.0,59.0,44.0,60.0,69.0,71.0,63.0,68.0,63.0,66.0,69.0,68.0,65.0,64.0,68.0,69.0
Q Learning Rewards,-152.0,-419.0,-144.0,-685.0,-1131.0,-487.0,-348.0,-335.0,-41.0,-228.0,-823.0,-510.0,-44.0,-256.0,-321.0,-76.0,-168.0,-26.0,-56.0,-155.0,-80.0,-188.0,-2.0,-29.0,-113.0,-195.0,-2.0,-92.0,-131.0,-84.0,47.0,-82.0,-78.0,-110.0,-3.0,-100.0,-61.0,-91.0,-6.0,-352.0,-89.0,-55.0,-331.0,-57.0,44.0,-60.0,28.0,-7.0,44.0,-50.0,-114.0,14.0,-9.0,-281.0,8.0,-60.0,-94.0,-57.0,-78.0,-63.0,-28.0,-151.0,-336.0,40.0,39.0,-289.0,25.0,-29.0,1.0,20.0,-97.0,23.0,-12.0,37.0,2.0,11.0,-53.0,0.0,-368.0,45.0,-143.0,39.0,-17.0,-13.0,-521.0,27.0,-49.0,-44.0,34.0,-16.0,45.0,40.0,19.0,-310.0,-31.0,-27.0,34.0,-198.0,8.0,-35.0
